Verse 1 Embeddings (shape=(6, 768)):
[[-0.01679517 -0.95653266 -0.6448164  ...  0.7873214  -1.4880556
   0.80092955]
 [ 0.5720347  -2.264921    0.0697808  ...  1.5841717  -0.362532
   0.6063916 ]
 [ 0.8515748  -1.6703577  -0.49500296 ...  1.9223332  -0.38354543
   0.75483215]
 [ 0.34699407 -1.6161505  -1.334513   ...  2.2233698  -0.22144377
   0.3853027 ]
 [ 0.09107392 -1.33049    -0.47536412 ...  2.281445    0.03292593
  -0.2609709 ]
 [ 0.03655005 -1.0271174  -0.69997734 ...  0.8018075  -1.3973933
   0.7187285 ]]

Verse 2 Embeddings (shape=(6, 768)):
[[-4.7071328e-04 -8.1525683e-01 -6.2079471e-01 ...  1.0412337e+00
  -1.0581688e+00  9.8677117e-01]
 [ 5.5906379e-01 -1.4927350e+00 -3.8341302e-01 ...  1.1830732e+00
  -3.7618729e-01  1.0146620e+00]
 [ 4.4844929e-02 -4.0519810e-01 -2.1359430e-01 ...  1.2627181e+00
  -4.4088891e-01  8.7198889e-01]
 [ 2.6257616e-01 -1.6298997e+00 -3.5981789e-01 ...  2.6633379e+00
  -1.9763716e-01  7.5243950e-01]
 [ 3.3158651e-01 -1.0431098e+00  4.8800096e-01 ...  2.6321909e+00
  -7.2497624e-01  1.1507686e+00]
 [-6.8826795e-02 -5.9200698e-01 -6.1472971e-02 ...  7.8413004e-01
  -1.1503472e-01  2.5390020e-01]]

Verse 3 Embeddings (shape=(4, 768)):
[[-0.24215245 -1.0906737  -0.311473   ...  0.67156863 -1.547225
   1.096609  ]
 [ 0.74931175 -1.6031157  -0.30701151 ...  1.3272892   0.1245552
   0.20198153]
 [ 0.07572334 -1.4051076  -0.38558263 ...  1.6885197   0.14721738
   0.39343026]
 [ 0.39346763 -1.0658302  -0.18232168 ...  0.7803951  -0.09365924
  -0.06889637]]

Verse 4 Embeddings (shape=(5, 768)):
[[-0.45045862 -0.6794456  -0.6248961  ...  0.79972196 -1.2294734
   0.9962355 ]
 [ 1.2661289  -0.66813695 -0.53429216 ...  1.350794    0.15388286
   0.07951643]
 [-0.24454655 -1.285022   -0.60058355 ...  1.794412   -0.3347506
   0.04748456]
 [-0.43516454 -1.8166223   0.40933612 ...  1.0497938  -0.8744828
  -0.27225515]
 [ 0.2519837  -0.9410064  -0.00655829 ...  0.31077456  0.14978988
  -0.00867713]]

Verse 5 Embeddings (shape=(9, 768)):
[[ 0.2309104  -0.59073585 -0.54458845 ...  2.0173247  -0.86789626
   0.36134055]
 [ 1.3355438  -1.7803171  -0.6550883  ...  1.2209278  -0.32666013
  -0.13329439]
 [ 0.91938806 -0.02529952 -0.10673805 ...  1.1555377   0.09142181
  -0.5891215 ]
 ...
 [ 0.43997622  0.5704245  -0.7733188  ...  2.2919555  -0.28561613
   0.26188436]
 [ 0.623575    0.38010255 -0.27009815 ...  1.4663314  -0.40319246
   0.65127766]
 [ 0.14400586 -0.7458919  -0.76542264 ...  1.1116214  -0.4502533
   0.5108204 ]]

Verse 6 Embeddings (shape=(6, 768)):
[[ 0.5284518  -0.8345022  -0.62970316 ...  0.88439834 -0.61408
   0.8690767 ]
 [ 0.3310887  -0.6545102  -0.25591803 ...  1.8800294  -0.99279034
  -0.57031816]
 [ 0.30505353 -0.62696224 -0.07848214 ...  1.9730449  -0.02643095
  -0.03618293]
 [ 0.33478162 -0.2637234   0.10991763 ...  2.1847908   0.6006196
  -0.88591415]
 [-0.07424155 -0.40979424 -0.4886108  ...  1.66969    -0.08498025
   0.20228654]
 [ 0.14740062 -0.29898736 -0.05192409 ...  0.81623524 -0.15225768
   0.16569059]]

Verse 7 Embeddings (shape=(15, 768)):
[[ 0.09873173 -0.68673617  0.230642   ...  1.1897544   0.26346472
   0.05696645]
 [ 0.43186474 -1.0207635   0.56550145 ...  2.660645    0.8751363
   0.62400633]
 [-0.14792317 -0.54571617 -0.8718512  ...  1.6144549  -0.02320195
   1.3078076 ]
 ...
 [-0.22376539  0.3672983  -0.48084077 ...  3.0082471   0.6432863
  -0.49721915]
 [-0.31167966 -0.86746687 -1.6356475  ...  2.3425698   1.3594772
  -0.87518674]
 [ 0.08383787 -0.4945525   0.0759208  ...  0.8874642   0.34377846
   0.34880343]]

