Bag of Words (BOW) with Preprocessing

Word : Total Frequency
----------------------
الحمد : 1
الدين : 1
الذين : 1
الرحمن : 2
الرحيم : 2
الصراط : 1
الضالين : 1
العالمين : 1
الله : 1
المستقيم : 1
المغضوب : 1
انعمت : 1
اهدنا : 1
اياك : 2
بسم : 1
رب : 1
صراط : 1
عليهم : 2
غير : 1
لا : 1
لله : 1
مالك : 1
نستعين : 1
نعبد : 1
يوم : 1

BOW Matrix (per verse):
[0 0 0 1 1 0 0 0 1 0 0 0 0 0 1 0 0 0 0 0 0 0 0 0 0]
[1 0 0 0 0 0 0 1 0 0 0 0 0 0 0 1 0 0 0 0 1 0 0 0 0]
[0 0 0 1 1 0 0 0 0 0 0 0 0 0 0 0 0 0 0 0 0 0 0 0 0]
[0 1 0 0 0 0 0 0 0 0 0 0 0 0 0 0 0 0 0 0 0 1 0 0 1]
[0 0 0 0 0 0 0 0 0 0 0 0 0 2 0 0 0 0 0 0 0 0 1 1 0]
[0 0 0 0 0 1 0 0 0 1 0 0 1 0 0 0 0 0 0 0 0 0 0 0 0]
[0 0 1 0 0 0 1 0 0 0 1 1 0 0 0 0 1 2 1 1 0 0 0 0 0]
